mtx:
[[1.46810188e+03 0.00000000e+00 9.59422109e+02]
 [0.00000000e+00 1.46677038e+03 5.27911541e+02]
 [0.00000000e+00 0.00000000e+00 1.00000000e+00]]
dist:
[[ 8.18544624e-02 -5.21316286e-01  3.34192065e-03 -5.19610303e-04
   1.07665706e+00]]
rvecs:
(array([[-0.38116352],
       [ 0.4147858 ],
       [-1.03295915]]), array([[-0.63355388],
       [-0.22038738],
       [-1.21930406]]), array([[0.63314939],
       [0.19153925],
       [1.04053368]]), array([[-0.47586879],
       [ 0.05644714],
       [ 1.31989601]]), array([[ 0.20052315],
       [-0.69451911],
       [-1.68714872]]), array([[ 0.15356705],
       [ 0.30615226],
       [-1.21971556]]), array([[-0.01248599],
       [ 0.10242631],
       [ 1.36135642]]), array([[ 0.22155756],
       [ 0.25890777],
       [-1.5381641 ]]), array([[-0.2460753 ],
       [-0.22378797],
       [ 1.38422134]]), array([[ 0.35972343],
       [ 0.03181808],
       [-1.48961885]]), array([[-0.27766057],
       [ 0.2642827 ],
       [ 1.11216484]]), array([[-0.41645503],
       [ 0.52342436],
       [ 1.37384573]]), array([[ 0.32890083],
       [ 0.36582145],
       [-1.47335286]]), array([[-0.10970681],
       [ 0.22650731],
       [ 1.34265903]]), array([[-0.16344209],
       [ 0.37438907],
       [-1.0370867 ]]), array([[-0.09332291],
       [-0.77106212],
       [-1.55396158]]), array([[-0.38260438],
       [ 0.51200677],
       [ 1.43865037]]), array([[-0.34655   ],
       [ 0.62587653],
       [ 1.26900041]]), array([[-4.45677207e-01],
       [ 7.12862167e-05],
       [ 1.25806331e+00]]), array([[0.36779663],
       [0.62603868],
       [1.15567104]]), array([[ 0.5176957 ],
       [-0.29314017],
       [-1.45723743]]), array([[-0.78652021],
       [-0.01274351],
       [-1.1318981 ]]), array([[-0.22028071],
       [-0.55432344],
       [-1.60877452]]), array([[-0.34076404],
       [ 0.34428746],
       [-1.35104195]]), array([[-0.16439083],
       [ 0.76796038],
       [ 0.99781333]]))
tvecs:
(array([[-170.93631745],
       [  68.09734694],
       [ 569.73458185]]), array([[-71.2458339 ],
       [ 56.23139711],
       [581.5237386 ]]), array([[-11.34224801],
       [-67.44560164],
       [396.11023832]]), array([[105.58139987],
       [-89.93852539],
       [673.49901785]]), array([[-39.51427397],
       [101.05057751],
       [425.58466875]]), array([[-116.88006754],
       [  87.66942148],
       [ 704.46245353]]), array([[ 109.42326675],
       [-112.7506405 ],
       [ 669.56085768]]), array([[-61.02563361],
       [122.67582362],
       [550.8506562 ]]), array([[   8.05150294],
       [-109.01282957],
       [ 440.4627645 ]]), array([[-38.18233444],
       [112.46198386],
       [784.98947439]]), array([[  59.20630482],
       [-111.42471408],
       [ 971.79182267]]), array([[  36.47030472],
       [-124.4483747 ],
       [ 743.46946226]]), array([[-98.50606955],
       [107.5544721 ],
       [518.35711497]]), array([[ 34.19708925],
       [-87.17521316],
       [819.14198269]]), array([[-74.78477537],
       [ 69.02889866],
       [690.52234719]]), array([[-58.38819915],
       [ 67.38602918],
       [376.01512698]]), array([[ 64.36032599],
       [-60.90924342],
       [655.10376009]]), array([[ -63.04623087],
       [-143.81674574],
       [ 643.50707807]]), array([[  56.31033426],
       [-108.91169441],
       [ 628.51512186]]), array([[ -17.65497903],
       [-100.08908729],
       [ 475.77717398]]), array([[-67.93498803],
       [ 96.2123289 ],
       [553.8284606 ]]), array([[-53.44257829],
       [ 69.94615442],
       [560.35262561]]), array([[-45.71742819],
       [ 91.66431829],
       [533.35392641]]), array([[-67.58975157],
       [ 79.17167454],
       [654.76651369]]), array([[ -53.38784471],
       [-120.39989725],
       [ 498.4038763 ]]))
mtx_n:
[[1.49716797e+03 0.00000000e+00 9.58191940e+02]
 [0.00000000e+00 1.47097681e+03 5.29689807e+02]
 [0.00000000e+00 0.00000000e+00 1.00000000e+00]]
mtx:
[[1.46810188e+03 0.00000000e+00 9.59422109e+02]
 [0.00000000e+00 1.46677038e+03 5.27911541e+02]
 [0.00000000e+00 0.00000000e+00 1.00000000e+00]]
dist:
[[ 8.18544624e-02 -5.21316286e-01  3.34192065e-03 -5.19610303e-04
   1.07665706e+00]]
rvecs:
(array([[-0.38116352],
       [ 0.4147858 ],
       [-1.03295915]]), array([[-0.63355388],
       [-0.22038738],
       [-1.21930406]]), array([[0.63314939],
       [0.19153925],
       [1.04053368]]), array([[-0.47586879],
       [ 0.05644714],
       [ 1.31989601]]), array([[ 0.20052315],
       [-0.69451911],
       [-1.68714872]]), array([[ 0.15356705],
       [ 0.30615226],
       [-1.21971556]]), array([[-0.01248599],
       [ 0.10242631],
       [ 1.36135642]]), array([[ 0.22155756],
       [ 0.25890777],
       [-1.5381641 ]]), array([[-0.2460753 ],
       [-0.22378797],
       [ 1.38422134]]), array([[ 0.35972343],
       [ 0.03181808],
       [-1.48961885]]), array([[-0.27766057],
       [ 0.2642827 ],
       [ 1.11216484]]), array([[-0.41645503],
       [ 0.52342436],
       [ 1.37384573]]), array([[ 0.32890083],
       [ 0.36582145],
       [-1.47335286]]), array([[-0.10970681],
       [ 0.22650731],
       [ 1.34265903]]), array([[-0.16344209],
       [ 0.37438907],
       [-1.0370867 ]]), array([[-0.09332291],
       [-0.77106212],
       [-1.55396158]]), array([[-0.38260438],
       [ 0.51200677],
       [ 1.43865037]]), array([[-0.34655   ],
       [ 0.62587653],
       [ 1.26900041]]), array([[-4.45677207e-01],
       [ 7.12862167e-05],
       [ 1.25806331e+00]]), array([[0.36779663],
       [0.62603868],
       [1.15567104]]), array([[ 0.5176957 ],
       [-0.29314017],
       [-1.45723743]]), array([[-0.78652021],
       [-0.01274351],
       [-1.1318981 ]]), array([[-0.22028071],
       [-0.55432344],
       [-1.60877452]]), array([[-0.34076404],
       [ 0.34428746],
       [-1.35104195]]), array([[-0.16439083],
       [ 0.76796038],
       [ 0.99781333]]))
tvecs:
(array([[-170.93631745],
       [  68.09734694],
       [ 569.73458185]]), array([[-71.2458339 ],
       [ 56.23139711],
       [581.5237386 ]]), array([[-11.34224801],
       [-67.44560164],
       [396.11023832]]), array([[105.58139987],
       [-89.93852539],
       [673.49901785]]), array([[-39.51427397],
       [101.05057751],
       [425.58466875]]), array([[-116.88006754],
       [  87.66942148],
       [ 704.46245353]]), array([[ 109.42326675],
       [-112.7506405 ],
       [ 669.56085768]]), array([[-61.02563361],
       [122.67582362],
       [550.8506562 ]]), array([[   8.05150294],
       [-109.01282957],
       [ 440.4627645 ]]), array([[-38.18233444],
       [112.46198386],
       [784.98947439]]), array([[  59.20630482],
       [-111.42471408],
       [ 971.79182267]]), array([[  36.47030472],
       [-124.4483747 ],
       [ 743.46946226]]), array([[-98.50606955],
       [107.5544721 ],
       [518.35711497]]), array([[ 34.19708925],
       [-87.17521316],
       [819.14198269]]), array([[-74.78477537],
       [ 69.02889866],
       [690.52234719]]), array([[-58.38819915],
       [ 67.38602918],
       [376.01512698]]), array([[ 64.36032599],
       [-60.90924342],
       [655.10376009]]), array([[ -63.04623087],
       [-143.81674574],
       [ 643.50707807]]), array([[  56.31033426],
       [-108.91169441],
       [ 628.51512186]]), array([[ -17.65497903],
       [-100.08908729],
       [ 475.77717398]]), array([[-67.93498803],
       [ 96.2123289 ],
       [553.8284606 ]]), array([[-53.44257829],
       [ 69.94615442],
       [560.35262561]]), array([[-45.71742819],
       [ 91.66431829],
       [533.35392641]]), array([[-67.58975157],
       [ 79.17167454],
       [654.76651369]]), array([[ -53.38784471],
       [-120.39989725],
       [ 498.4038763 ]]))
mtx_n:
[[1.49716797e+03 0.00000000e+00 9.58191940e+02]
 [0.00000000e+00 1.47097681e+03 5.29689807e+02]
 [0.00000000e+00 0.00000000e+00 1.00000000e+00]]
mtx:
[[1.46810188e+03 0.00000000e+00 9.59422109e+02]
 [0.00000000e+00 1.46677038e+03 5.27911541e+02]
 [0.00000000e+00 0.00000000e+00 1.00000000e+00]]
dist:
[[ 8.18544624e-02 -5.21316286e-01  3.34192065e-03 -5.19610303e-04
   1.07665706e+00]]
rvecs:
(array([[-0.38116352],
       [ 0.4147858 ],
       [-1.03295915]]), array([[-0.63355388],
       [-0.22038738],
       [-1.21930406]]), array([[0.63314939],
       [0.19153925],
       [1.04053368]]), array([[-0.47586879],
       [ 0.05644714],
       [ 1.31989601]]), array([[ 0.20052315],
       [-0.69451911],
       [-1.68714872]]), array([[ 0.15356705],
       [ 0.30615226],
       [-1.21971556]]), array([[-0.01248599],
       [ 0.10242631],
       [ 1.36135642]]), array([[ 0.22155756],
       [ 0.25890777],
       [-1.5381641 ]]), array([[-0.2460753 ],
       [-0.22378797],
       [ 1.38422134]]), array([[ 0.35972343],
       [ 0.03181808],
       [-1.48961885]]), array([[-0.27766057],
       [ 0.2642827 ],
       [ 1.11216484]]), array([[-0.41645503],
       [ 0.52342436],
       [ 1.37384573]]), array([[ 0.32890083],
       [ 0.36582145],
       [-1.47335286]]), array([[-0.10970681],
       [ 0.22650731],
       [ 1.34265903]]), array([[-0.16344209],
       [ 0.37438907],
       [-1.0370867 ]]), array([[-0.09332291],
       [-0.77106212],
       [-1.55396158]]), array([[-0.38260438],
       [ 0.51200677],
       [ 1.43865037]]), array([[-0.34655   ],
       [ 0.62587653],
       [ 1.26900041]]), array([[-4.45677207e-01],
       [ 7.12862167e-05],
       [ 1.25806331e+00]]), array([[0.36779663],
       [0.62603868],
       [1.15567104]]), array([[ 0.5176957 ],
       [-0.29314017],
       [-1.45723743]]), array([[-0.78652021],
       [-0.01274351],
       [-1.1318981 ]]), array([[-0.22028071],
       [-0.55432344],
       [-1.60877452]]), array([[-0.34076404],
       [ 0.34428746],
       [-1.35104195]]), array([[-0.16439083],
       [ 0.76796038],
       [ 0.99781333]]))
tvecs:
(array([[-170.93631745],
       [  68.09734694],
       [ 569.73458185]]), array([[-71.2458339 ],
       [ 56.23139711],
       [581.5237386 ]]), array([[-11.34224801],
       [-67.44560164],
       [396.11023832]]), array([[105.58139987],
       [-89.93852539],
       [673.49901785]]), array([[-39.51427397],
       [101.05057751],
       [425.58466875]]), array([[-116.88006754],
       [  87.66942148],
       [ 704.46245353]]), array([[ 109.42326675],
       [-112.7506405 ],
       [ 669.56085768]]), array([[-61.02563361],
       [122.67582362],
       [550.8506562 ]]), array([[   8.05150294],
       [-109.01282957],
       [ 440.4627645 ]]), array([[-38.18233444],
       [112.46198386],
       [784.98947439]]), array([[  59.20630482],
       [-111.42471408],
       [ 971.79182267]]), array([[  36.47030472],
       [-124.4483747 ],
       [ 743.46946226]]), array([[-98.50606955],
       [107.5544721 ],
       [518.35711497]]), array([[ 34.19708925],
       [-87.17521316],
       [819.14198269]]), array([[-74.78477537],
       [ 69.02889866],
       [690.52234719]]), array([[-58.38819915],
       [ 67.38602918],
       [376.01512698]]), array([[ 64.36032599],
       [-60.90924342],
       [655.10376009]]), array([[ -63.04623087],
       [-143.81674574],
       [ 643.50707807]]), array([[  56.31033426],
       [-108.91169441],
       [ 628.51512186]]), array([[ -17.65497903],
       [-100.08908729],
       [ 475.77717398]]), array([[-67.93498803],
       [ 96.2123289 ],
       [553.8284606 ]]), array([[-53.44257829],
       [ 69.94615442],
       [560.35262561]]), array([[-45.71742819],
       [ 91.66431829],
       [533.35392641]]), array([[-67.58975157],
       [ 79.17167454],
       [654.76651369]]), array([[ -53.38784471],
       [-120.39989725],
       [ 498.4038763 ]]))
mtx_n:
[[1.49716797e+03 0.00000000e+00 9.58191940e+02]
 [0.00000000e+00 1.47097681e+03 5.29689807e+02]
 [0.00000000e+00 0.00000000e+00 1.00000000e+00]]
mtx:
[[1.46810188e+03 0.00000000e+00 9.59422109e+02]
 [0.00000000e+00 1.46677038e+03 5.27911541e+02]
 [0.00000000e+00 0.00000000e+00 1.00000000e+00]]
dist:
[[ 8.18544624e-02 -5.21316286e-01  3.34192065e-03 -5.19610303e-04
   1.07665706e+00]]
rvecs:
(array([[-0.38116352],
       [ 0.4147858 ],
       [-1.03295915]]), array([[-0.63355388],
       [-0.22038738],
       [-1.21930406]]), array([[0.63314939],
       [0.19153925],
       [1.04053368]]), array([[-0.47586879],
       [ 0.05644714],
       [ 1.31989601]]), array([[ 0.20052315],
       [-0.69451911],
       [-1.68714872]]), array([[ 0.15356705],
       [ 0.30615226],
       [-1.21971556]]), array([[-0.01248599],
       [ 0.10242631],
       [ 1.36135642]]), array([[ 0.22155756],
       [ 0.25890777],
       [-1.5381641 ]]), array([[-0.2460753 ],
       [-0.22378797],
       [ 1.38422134]]), array([[ 0.35972343],
       [ 0.03181808],
       [-1.48961885]]), array([[-0.27766057],
       [ 0.2642827 ],
       [ 1.11216484]]), array([[-0.41645503],
       [ 0.52342436],
       [ 1.37384573]]), array([[ 0.32890083],
       [ 0.36582145],
       [-1.47335286]]), array([[-0.10970681],
       [ 0.22650731],
       [ 1.34265903]]), array([[-0.16344209],
       [ 0.37438907],
       [-1.0370867 ]]), array([[-0.09332291],
       [-0.77106212],
       [-1.55396158]]), array([[-0.38260438],
       [ 0.51200677],
       [ 1.43865037]]), array([[-0.34655   ],
       [ 0.62587653],
       [ 1.26900041]]), array([[-4.45677207e-01],
       [ 7.12862167e-05],
       [ 1.25806331e+00]]), array([[0.36779663],
       [0.62603868],
       [1.15567104]]), array([[ 0.5176957 ],
       [-0.29314017],
       [-1.45723743]]), array([[-0.78652021],
       [-0.01274351],
       [-1.1318981 ]]), array([[-0.22028071],
       [-0.55432344],
       [-1.60877452]]), array([[-0.34076404],
       [ 0.34428746],
       [-1.35104195]]), array([[-0.16439083],
       [ 0.76796038],
       [ 0.99781333]]))
tvecs:
(array([[-170.93631745],
       [  68.09734694],
       [ 569.73458185]]), array([[-71.2458339 ],
       [ 56.23139711],
       [581.5237386 ]]), array([[-11.34224801],
       [-67.44560164],
       [396.11023832]]), array([[105.58139987],
       [-89.93852539],
       [673.49901785]]), array([[-39.51427397],
       [101.05057751],
       [425.58466875]]), array([[-116.88006754],
       [  87.66942148],
       [ 704.46245353]]), array([[ 109.42326675],
       [-112.7506405 ],
       [ 669.56085768]]), array([[-61.02563361],
       [122.67582362],
       [550.8506562 ]]), array([[   8.05150294],
       [-109.01282957],
       [ 440.4627645 ]]), array([[-38.18233444],
       [112.46198386],
       [784.98947439]]), array([[  59.20630482],
       [-111.42471408],
       [ 971.79182267]]), array([[  36.47030472],
       [-124.4483747 ],
       [ 743.46946226]]), array([[-98.50606955],
       [107.5544721 ],
       [518.35711497]]), array([[ 34.19708925],
       [-87.17521316],
       [819.14198269]]), array([[-74.78477537],
       [ 69.02889866],
       [690.52234719]]), array([[-58.38819915],
       [ 67.38602918],
       [376.01512698]]), array([[ 64.36032599],
       [-60.90924342],
       [655.10376009]]), array([[ -63.04623087],
       [-143.81674574],
       [ 643.50707807]]), array([[  56.31033426],
       [-108.91169441],
       [ 628.51512186]]), array([[ -17.65497903],
       [-100.08908729],
       [ 475.77717398]]), array([[-67.93498803],
       [ 96.2123289 ],
       [553.8284606 ]]), array([[-53.44257829],
       [ 69.94615442],
       [560.35262561]]), array([[-45.71742819],
       [ 91.66431829],
       [533.35392641]]), array([[-67.58975157],
       [ 79.17167454],
       [654.76651369]]), array([[ -53.38784471],
       [-120.39989725],
       [ 498.4038763 ]]))
mtx_n:
[[1.49716797e+03 0.00000000e+00 9.58191940e+02]
 [0.00000000e+00 1.47097681e+03 5.29689807e+02]
 [0.00000000e+00 0.00000000e+00 1.00000000e+00]]
mtx:
[[1.46810188e+03 0.00000000e+00 9.59422109e+02]
 [0.00000000e+00 1.46677038e+03 5.27911541e+02]
 [0.00000000e+00 0.00000000e+00 1.00000000e+00]]
dist:
[[ 8.18544624e-02 -5.21316286e-01  3.34192065e-03 -5.19610303e-04
   1.07665706e+00]]
rvecs:
(array([[-0.38116352],
       [ 0.4147858 ],
       [-1.03295915]]), array([[-0.63355388],
       [-0.22038738],
       [-1.21930406]]), array([[0.63314939],
       [0.19153925],
       [1.04053368]]), array([[-0.47586879],
       [ 0.05644714],
       [ 1.31989601]]), array([[ 0.20052315],
       [-0.69451911],
       [-1.68714872]]), array([[ 0.15356705],
       [ 0.30615226],
       [-1.21971556]]), array([[-0.01248599],
       [ 0.10242631],
       [ 1.36135642]]), array([[ 0.22155756],
       [ 0.25890777],
       [-1.5381641 ]]), array([[-0.2460753 ],
       [-0.22378797],
       [ 1.38422134]]), array([[ 0.35972343],
       [ 0.03181808],
       [-1.48961885]]), array([[-0.27766057],
       [ 0.2642827 ],
       [ 1.11216484]]), array([[-0.41645503],
       [ 0.52342436],
       [ 1.37384573]]), array([[ 0.32890083],
       [ 0.36582145],
       [-1.47335286]]), array([[-0.10970681],
       [ 0.22650731],
       [ 1.34265903]]), array([[-0.16344209],
       [ 0.37438907],
       [-1.0370867 ]]), array([[-0.09332291],
       [-0.77106212],
       [-1.55396158]]), array([[-0.38260438],
       [ 0.51200677],
       [ 1.43865037]]), array([[-0.34655   ],
       [ 0.62587653],
       [ 1.26900041]]), array([[-4.45677207e-01],
       [ 7.12862167e-05],
       [ 1.25806331e+00]]), array([[0.36779663],
       [0.62603868],
       [1.15567104]]), array([[ 0.5176957 ],
       [-0.29314017],
       [-1.45723743]]), array([[-0.78652021],
       [-0.01274351],
       [-1.1318981 ]]), array([[-0.22028071],
       [-0.55432344],
       [-1.60877452]]), array([[-0.34076404],
       [ 0.34428746],
       [-1.35104195]]), array([[-0.16439083],
       [ 0.76796038],
       [ 0.99781333]]))
tvecs:
(array([[-170.93631745],
       [  68.09734694],
       [ 569.73458185]]), array([[-71.2458339 ],
       [ 56.23139711],
       [581.5237386 ]]), array([[-11.34224801],
       [-67.44560164],
       [396.11023832]]), array([[105.58139987],
       [-89.93852539],
       [673.49901785]]), array([[-39.51427397],
       [101.05057751],
       [425.58466875]]), array([[-116.88006754],
       [  87.66942148],
       [ 704.46245353]]), array([[ 109.42326675],
       [-112.7506405 ],
       [ 669.56085768]]), array([[-61.02563361],
       [122.67582362],
       [550.8506562 ]]), array([[   8.05150294],
       [-109.01282957],
       [ 440.4627645 ]]), array([[-38.18233444],
       [112.46198386],
       [784.98947439]]), array([[  59.20630482],
       [-111.42471408],
       [ 971.79182267]]), array([[  36.47030472],
       [-124.4483747 ],
       [ 743.46946226]]), array([[-98.50606955],
       [107.5544721 ],
       [518.35711497]]), array([[ 34.19708925],
       [-87.17521316],
       [819.14198269]]), array([[-74.78477537],
       [ 69.02889866],
       [690.52234719]]), array([[-58.38819915],
       [ 67.38602918],
       [376.01512698]]), array([[ 64.36032599],
       [-60.90924342],
       [655.10376009]]), array([[ -63.04623087],
       [-143.81674574],
       [ 643.50707807]]), array([[  56.31033426],
       [-108.91169441],
       [ 628.51512186]]), array([[ -17.65497903],
       [-100.08908729],
       [ 475.77717398]]), array([[-67.93498803],
       [ 96.2123289 ],
       [553.8284606 ]]), array([[-53.44257829],
       [ 69.94615442],
       [560.35262561]]), array([[-45.71742819],
       [ 91.66431829],
       [533.35392641]]), array([[-67.58975157],
       [ 79.17167454],
       [654.76651369]]), array([[ -53.38784471],
       [-120.39989725],
       [ 498.4038763 ]]))
mtx_n:
[[1.49716797e+03 0.00000000e+00 9.58191940e+02]
 [0.00000000e+00 1.47097681e+03 5.29689807e+02]
 [0.00000000e+00 0.00000000e+00 1.00000000e+00]]
mtx:
[[1.46810188e+03 0.00000000e+00 9.59422109e+02]
 [0.00000000e+00 1.46677038e+03 5.27911541e+02]
 [0.00000000e+00 0.00000000e+00 1.00000000e+00]]
dist:
[[ 8.18544624e-02 -5.21316286e-01  3.34192065e-03 -5.19610303e-04
   1.07665706e+00]]
rvecs:
(array([[-0.38116352],
       [ 0.4147858 ],
       [-1.03295915]]), array([[-0.63355388],
       [-0.22038738],
       [-1.21930406]]), array([[0.63314939],
       [0.19153925],
       [1.04053368]]), array([[-0.47586879],
       [ 0.05644714],
       [ 1.31989601]]), array([[ 0.20052315],
       [-0.69451911],
       [-1.68714872]]), array([[ 0.15356705],
       [ 0.30615226],
       [-1.21971556]]), array([[-0.01248599],
       [ 0.10242631],
       [ 1.36135642]]), array([[ 0.22155756],
       [ 0.25890777],
       [-1.5381641 ]]), array([[-0.2460753 ],
       [-0.22378797],
       [ 1.38422134]]), array([[ 0.35972343],
       [ 0.03181808],
       [-1.48961885]]), array([[-0.27766057],
       [ 0.2642827 ],
       [ 1.11216484]]), array([[-0.41645503],
       [ 0.52342436],
       [ 1.37384573]]), array([[ 0.32890083],
       [ 0.36582145],
       [-1.47335286]]), array([[-0.10970681],
       [ 0.22650731],
       [ 1.34265903]]), array([[-0.16344209],
       [ 0.37438907],
       [-1.0370867 ]]), array([[-0.09332291],
       [-0.77106212],
       [-1.55396158]]), array([[-0.38260438],
       [ 0.51200677],
       [ 1.43865037]]), array([[-0.34655   ],
       [ 0.62587653],
       [ 1.26900041]]), array([[-4.45677207e-01],
       [ 7.12862167e-05],
       [ 1.25806331e+00]]), array([[0.36779663],
       [0.62603868],
       [1.15567104]]), array([[ 0.5176957 ],
       [-0.29314017],
       [-1.45723743]]), array([[-0.78652021],
       [-0.01274351],
       [-1.1318981 ]]), array([[-0.22028071],
       [-0.55432344],
       [-1.60877452]]), array([[-0.34076404],
       [ 0.34428746],
       [-1.35104195]]), array([[-0.16439083],
       [ 0.76796038],
       [ 0.99781333]]))
tvecs:
(array([[-170.93631745],
       [  68.09734694],
       [ 569.73458185]]), array([[-71.2458339 ],
       [ 56.23139711],
       [581.5237386 ]]), array([[-11.34224801],
       [-67.44560164],
       [396.11023832]]), array([[105.58139987],
       [-89.93852539],
       [673.49901785]]), array([[-39.51427397],
       [101.05057751],
       [425.58466875]]), array([[-116.88006754],
       [  87.66942148],
       [ 704.46245353]]), array([[ 109.42326675],
       [-112.7506405 ],
       [ 669.56085768]]), array([[-61.02563361],
       [122.67582362],
       [550.8506562 ]]), array([[   8.05150294],
       [-109.01282957],
       [ 440.4627645 ]]), array([[-38.18233444],
       [112.46198386],
       [784.98947439]]), array([[  59.20630482],
       [-111.42471408],
       [ 971.79182267]]), array([[  36.47030472],
       [-124.4483747 ],
       [ 743.46946226]]), array([[-98.50606955],
       [107.5544721 ],
       [518.35711497]]), array([[ 34.19708925],
       [-87.17521316],
       [819.14198269]]), array([[-74.78477537],
       [ 69.02889866],
       [690.52234719]]), array([[-58.38819915],
       [ 67.38602918],
       [376.01512698]]), array([[ 64.36032599],
       [-60.90924342],
       [655.10376009]]), array([[ -63.04623087],
       [-143.81674574],
       [ 643.50707807]]), array([[  56.31033426],
       [-108.91169441],
       [ 628.51512186]]), array([[ -17.65497903],
       [-100.08908729],
       [ 475.77717398]]), array([[-67.93498803],
       [ 96.2123289 ],
       [553.8284606 ]]), array([[-53.44257829],
       [ 69.94615442],
       [560.35262561]]), array([[-45.71742819],
       [ 91.66431829],
       [533.35392641]]), array([[-67.58975157],
       [ 79.17167454],
       [654.76651369]]), array([[ -53.38784471],
       [-120.39989725],
       [ 498.4038763 ]]))
mtx_n:
[[1.49716797e+03 0.00000000e+00 9.58191940e+02]
 [0.00000000e+00 1.47097681e+03 5.29689807e+02]
 [0.00000000e+00 0.00000000e+00 1.00000000e+00]]
